num_nodes,                       18
num_clusters,                    20
num_drone,                        3
num_lockers,                      4
v_truck(km/h),                   24
v_drone(km/h),                   40
max_fly_distance(km),            24
max_working_time(hour),           3
capacity_drone(kg),            2.27
time_swap_battery(hour),       0.05
time_service(hour),            0.15
truck_cost_factor,             1.81
drone_cost_factor,              0.1
discount_cost_factor,             1
---------- nodes -------------
nodeID    capacity  chargeStation    euclid_dist
     0           0              0           0.00
     1           5              1          14.57
     2           5              1           6.88
     3           5              1           3.49
     4           5              1           3.02
     5           1              0           3.91
     6           1              0           9.16
     7           1              0           7.25
     8           1              0           0.47
     9           1              0           1.55
    10           1              0           3.29
    11           1              0          10.37
    12           1              0           5.86
    13           1              0           6.98
    14           1              0           5.33
    15           1              0           4.92
    16           1              0           7.29
    17           1              0           5.22
    18           1              0           9.62
---------- clusters -------------
   #         w                   node(s)              discount(s)
   0       1.8                      5 4                      0 2
   1       3.0                    6 1 2                    0 2 2
   2       0.3                      7 4                      0 2
   3       1.5                      8 4                      0 2
   4       0.3                      9 3                      0 2
   5       1.0                     10 3                      0 2
   6       0.7                   11 1 4                    0 2 2
   7       0.7                       12                        0
   8       0.9                     13 2                      0 2
   9       0.9                   14 1 3                    0 2 2
  10       2.1                   15 2 4                    0 2 2
  11       0.3                 16 1 2 3                  0 2 2 2
  12       0.4                     17 2                      0 2
  13       1.4                       18                        0
  14       0.2                        1                        0
  15       0.8                      1 4                      0 2
  16       0.3                      2 1                      0 2
  17       1.6                        1                        0
  18       1.0                        1                        0
  19       0.2                  3 1 2 4                  0 2 2 2
---------- truck distance matrix -------------
             0      1      2      3      4      5      6      7      8      9     10     11     12     13     14     15     16     17     18
      0   0.00  19.50   9.00   7.50   4.00   5.50  13.50  10.50   0.50   2.00   8.00  16.50  10.00  11.50   7.00  14.00  11.50  10.00  18.50
      1  19.50   0.00  19.50  21.00  16.50  14.00   6.50   9.00  19.00  19.50  21.50   5.00  20.50  22.00  17.50  24.50  22.00  20.50   7.00
      2   9.00  19.50   0.00  16.50  11.00   8.00  13.50  10.50   9.00   9.50  17.00  16.50   3.00   2.50   2.00   7.00   4.50   3.00  18.50
      3   7.50  21.00  16.50   0.00   6.50  10.50  15.00  12.00   8.00   9.50   0.50  18.00  17.50  19.00  14.50  21.50  19.00  17.50  20.00
      4   4.00  16.50  11.00   6.50   0.00   5.50  10.50   7.50   4.50   6.00   7.00  13.50  12.00  13.50   9.00  16.00  13.50  12.00  15.50
      5   5.50  14.00   8.00  10.50   5.50   0.00   8.00   5.00   5.00   5.50  11.00  11.00   9.00  10.50   6.00  13.00  10.50   9.00  13.00
      6  13.50   6.50  13.50  15.00  10.50   8.00   0.00   3.00  13.00  13.50  15.50   3.50  14.50  16.00  11.50  18.50  16.00  14.50   5.50
      7  10.50   9.00  10.50  12.00   7.50   5.00   3.00   0.00  10.00  10.50  12.50   6.00  11.50  13.00   8.50  15.50  13.00  11.50   8.00
      8   0.50  19.00   9.00   8.00   4.50   5.00  13.00  10.00   0.00   1.50   8.50  16.00  10.00  11.50   7.00  14.00  11.50  10.00  18.00
      9   2.00  19.50   9.50   9.50   6.00   5.50  13.50  10.50   1.50   0.00  10.00  16.50  10.50  12.00   7.50  14.50  12.00  10.50  18.50
     10   8.00  21.50  17.00   0.50   7.00  11.00  15.50  12.50   8.50  10.00   0.00  18.50  18.00  19.50  15.00  22.00  19.50  18.00  20.50
     11  16.50   5.00  16.50  18.00  13.50  11.00   3.50   6.00  16.00  16.50  18.50   0.00  17.50  19.00  14.50  21.50  19.00  17.50   2.00
     12  10.00  20.50   3.00  17.50  12.00   9.00  14.50  11.50  10.00  10.50  18.00  17.50   0.00   5.50   3.00   5.00   1.50   1.00  19.50
     13  11.50  22.00   2.50  19.00  13.50  10.50  16.00  13.00  11.50  12.00  19.50  19.00   5.50   0.00   4.50   9.50   7.00   5.50  21.00
     14   7.00  17.50   2.00  14.50   9.00   6.00  11.50   8.50   7.00   7.50  15.00  14.50   3.00   4.50   0.00   7.00   4.50   3.00  16.50
     15  14.00  24.50   7.00  21.50  16.00  13.00  18.50  15.50  14.00  14.50  22.00  21.50   5.00   9.50   7.00   0.00   6.50   4.00  23.50
     16  11.50  22.00   4.50  19.00  13.50  10.50  16.00  13.00  11.50  12.00  19.50  19.00   1.50   7.00   4.50   6.50   0.00   2.50  21.00
     17  10.00  20.50   3.00  17.50  12.00   9.00  14.50  11.50  10.00  10.50  18.00  17.50   1.00   5.50   3.00   4.00   2.50   0.00  19.50
     18  18.50   7.00  18.50  20.00  15.50  13.00   5.50   8.00  18.00  18.50  20.50   2.00  19.50  21.00  16.50  23.50  21.00  19.50   0.00
