num_nodes,                       17
num_clusters,                    21
num_drone,                        3
num_lockers,                      3
v_truck(km/h),                   24
v_drone(km/h),                   40
max_fly_distance(km),            24
max_working_time(hour),           3
capacity_drone(kg),            2.27
time_swap_battery(hour),       0.05
time_service(hour),            0.15
truck_cost_factor,             1.81
drone_cost_factor,              0.1
discount_cost_factor,             1
---------- nodes -------------
nodeID    capacity  chargeStation    euclid_dist
     0           0              0           0.00
     1           7              1          14.04
     2          10              1           1.77
     3          10              1           6.22
     4           1              0          12.00
     5           1              0          10.28
     6           1              0           5.58
     7           1              0          14.18
     8           1              0           6.95
     9           1              0          14.90
    10           1              0          13.63
    11           1              0          10.54
    12           1              0           1.10
    13           1              0           6.66
    14           1              0           3.64
    15           1              0          10.67
    16           1              0           4.39
    17           1              0           9.83
---------- clusters -------------
   #         w                   node(s)              discount(s)
   0       0.5                        4                        0
   1       0.4                    5 1 2                    0 1 3
   2       1.5                    6 2 3                    0 1 1
   3       1.5                      7 1                      0 1
   4       4.0                        8                        0
   5       0.5                    9 1 2                    0 5 3
   6       0.5                     10 2                      0 5
   7       0.2                     11 1                      0 1
   8       3.4                       12                        0
   9       2.1                     13 1                      0 2
  10       0.5                       14                        0
  11       1.2                     15 3                      0 2
  12       1.2                   16 2 3                    0 1 1
  13       0.4                       17                        0
  14       2.9                      1 3                      0 3
  15       0.2                      2 3                      0 1
  16       0.9                      2 3                      0 1
  17       0.4                      3 2                      0 1
  18       1.3                    2 1 3                    0 4 1
  19       0.2                      3 1                      0 3
  20       1.7                        3                        0
---------- truck distance matrix -------------
             0      1      2      3      4      5      6      7      8      9     10     11     12     13     14     15     16     17
      0   0.00  20.50   2.50   9.00  18.50  17.00   9.00  22.50  10.50  19.00  25.50  17.50   1.50  10.50   8.00  17.00   6.00  17.50
      1  20.50   0.00  18.00  16.00   3.00   5.00  19.00   2.00  12.00  26.00   5.00   5.50  19.00  10.00  23.50  24.00  16.50   6.00
      2   2.50  18.00   0.00   6.50  16.00  14.50   6.50  20.00   8.00  16.50  23.00  15.00   1.00   8.00   5.50  14.50   3.50  15.00
      3   9.00  16.00   6.50   0.00  14.00  12.50   3.50  18.00   6.00  10.00  21.00  13.00   7.50   6.00  12.00   8.00   3.00  13.00
      4  18.50   3.00  16.00  14.00   0.00   3.50  17.00   5.00  10.00  24.00   8.00   4.00  17.00   8.00  21.50  22.00  14.50   3.00
      5  17.00   5.00  14.50  12.50   3.50   0.00  15.50   7.00   8.50  22.50  10.00   0.50  15.50   6.50  20.00  20.50  13.00   3.50
      6   9.00  19.00   6.50   3.50  17.00  15.50   0.00  21.00   9.00  10.50  24.00  16.00   7.50   9.00  10.00   8.50   3.50  16.00
      7  22.50   2.00  20.00  18.00   5.00   7.00  21.00   0.00  14.00  28.00   3.00   7.50  21.00  12.00  25.50  26.00  18.50   7.50
      8  10.50  12.00   8.00   6.00  10.00   8.50   9.00  14.00   0.00  16.00  17.00   9.00   9.00   2.00  13.50  14.00   6.50   9.00
      9  19.00  26.00  16.50  10.00  24.00  22.50  10.50  28.00  16.00   0.00  31.00  23.00  17.50  16.00  19.50   8.00  13.00  23.00
     10  25.50   5.00  23.00  21.00   8.00  10.00  24.00   3.00  17.00  31.00   0.00  10.50  24.00  15.00  28.50  29.00  21.50  10.50
     11  17.50   5.50  15.00  13.00   4.00   0.50  16.00   7.50   9.00  23.00  10.50   0.00  16.00   7.00  20.50  21.00  13.50   4.00
     12   1.50  19.00   1.00   7.50  17.00  15.50   7.50  21.00   9.00  17.50  24.00  16.00   0.00   9.00   6.50  15.50   4.50  16.00
     13  10.50  10.00   8.00   6.00   8.00   6.50   9.00  12.00   2.00  16.00  15.00   7.00   9.00   0.00  13.50  14.00   6.50   7.00
     14   8.00  23.50   5.50  12.00  21.50  20.00  10.00  25.50  13.50  19.50  28.50  20.50   6.50  13.50   0.00  17.50   9.00  20.50
     15  17.00  24.00  14.50   8.00  22.00  20.50   8.50  26.00  14.00   8.00  29.00  21.00  15.50  14.00  17.50   0.00  11.00  21.00
     16   6.00  16.50   3.50   3.00  14.50  13.00   3.50  18.50   6.50  13.00  21.50  13.50   4.50   6.50   9.00  11.00   0.00  13.50
     17  17.50   6.00  15.00  13.00   3.00   3.50  16.00   7.50   9.00  23.00  10.50   4.00  16.00   7.00  20.50  21.00  13.50   0.00
