num_nodes,                       20
num_clusters,                    23
num_drone,                        2
num_lockers,                      4
v_truck(km/h),                   24
v_drone(km/h),                   40
max_fly_distance(km),            24
max_working_time(hour),           3
capacity_drone(kg),            2.27
time_swap_battery(hour),       0.05
time_service(hour),            0.15
truck_cost_factor,             1.81
drone_cost_factor,              0.1
discount_cost_factor,             1
---------- nodes -------------
nodeID    capacity  chargeStation    euclid_dist
     0           0              0           0.00
     1           7              1           3.15
     2           7              1          10.02
     3           7              1          14.23
     4           7              1           5.15
     5           1              0          10.52
     6           1              0           6.43
     7           1              0           4.46
     8           1              0          13.14
     9           1              0          14.01
    10           1              0           5.17
    11           1              0           0.70
    12           1              0          19.35
    13           1              0           5.52
    14           1              0           3.15
    15           1              0          14.60
    16           1              0          12.31
    17           1              0           4.16
    18           1              0          12.00
    19           1              0           0.50
    20           1              0           4.86
---------- clusters -------------
   #         w                   node(s)              discount(s)
   0       0.2                  5 2 3 4                  0 2 2 2
   1       2.1                    6 1 2                    0 2 2
   2       1.4                      7 1                      0 2
   3       2.1                      8 2                      0 2
   4       3.8                        9                        0
   5       0.6                   10 1 2                    0 2 2
   6       0.4                     11 1                      0 2
   7       0.3                     12 2                      0 2
   8       1.4                   13 2 4                    0 2 2
   9       0.2                     14 2                      0 2
  10       2.2                     15 4                      0 2
  11       0.3                   16 1 2                    0 2 2
  12       1.0                   17 1 3                    0 2 2
  13       1.9                     18 1                      0 2
  14       0.2                       19                        0
  15       2.5                   20 1 4                    0 2 2
  16       1.7                      4 3                      0 2
  17       0.5                        4                        0
  18       1.2                      1 3                      0 2
  19       1.5                    1 2 4                    0 2 2
  20       3.4                  4 1 2 3                  0 2 2 2
  21       2.3                      1 4                      0 2
  22       2.0                  3 1 2 4                  0 2 2 2
---------- truck distance matrix -------------
             0      1      2      3      4      5      6      7      8      9     10     11     12     13     14     15     16     17     18     19     20
      0   0.00   7.00  11.50  16.00   7.00  12.00   8.50   9.50  17.00  15.50   9.00   3.00  23.00   7.00   7.00  19.00  19.00   8.50  14.50   2.50   7.00
      1   7.00   0.00  15.50  19.00   8.00  16.00   6.50   5.00  21.00  19.50   3.50   7.00  26.00   9.00   0.00  23.00  23.00   2.00  18.50   6.50   7.00
      2  11.50  15.50   0.00  12.50   7.50   0.50  17.00  20.50   5.50   4.00  19.00  12.50  12.00   6.50  15.50   7.50   7.50  17.00   3.00  12.00   8.50
      3  16.00  19.00  12.50   0.00  11.00  13.00  20.50  24.00  18.00  16.50  22.50  17.00  21.50  10.50  19.00  20.00  20.00  20.50  15.00  16.50  12.00
      4   7.00   8.00   7.50  11.00   0.00   8.00   9.50  13.00  13.00  11.50  11.50   8.00  18.00   1.00   8.00  15.00  15.00   9.50  10.50   7.50   1.00
      5  12.00  16.00   0.50  13.00   8.00   0.00  17.50  21.00   5.00   3.50  19.50  13.00  11.50   7.00  16.00   7.00   7.00  17.50   2.50  12.50   9.00
      6   8.50   6.50  17.00  20.50   9.50  17.50   0.00  11.50  22.50  21.00  10.00   8.50  27.50  10.50   6.50  24.50  24.50   4.50  20.00   8.00   8.50
      7   9.50   5.00  20.50  24.00  13.00  21.00  11.50   0.00  26.00  24.50   4.00   8.50  31.00  14.00   5.00  28.00  28.00   7.00  23.50   9.00  12.00
      8  17.00  21.00   5.50  18.00  13.00   5.00  22.50  26.00   0.00   2.50  24.50  18.00  12.50  12.00  21.00   3.00   2.00  22.50   4.50  17.50  14.00
      9  15.50  19.50   4.00  16.50  11.50   3.50  21.00  24.50   2.50   0.00  23.00  16.50  11.00  10.50  19.50   4.50   4.50  21.00   3.00  16.00  12.50
     10   9.00   3.50  19.00  22.50  11.50  19.50  10.00   4.00  24.50  23.00   0.00   8.00  29.50  12.50   3.50  26.50  26.50   5.50  22.00   8.50  10.50
     11   3.00   7.00  12.50  17.00   8.00  13.00   8.50   8.50  18.00  16.50   8.00   0.00  24.00   8.00   7.00  20.00  20.00   8.50  15.50   0.50   7.00
     12  23.00  26.00  12.00  21.50  18.00  11.50  27.50  31.00  12.50  11.00  29.50  24.00   0.00  17.00  26.00  14.50  14.50  27.50   9.00  23.50  19.00
     13   7.00   9.00   6.50  10.50   1.00   7.00  10.50  14.00  12.00  10.50  12.50   8.00  17.00   0.00   9.00  14.00  14.00  10.50   9.50   7.50   2.00
     14   7.00   0.00  15.50  19.00   8.00  16.00   6.50   5.00  21.00  19.50   3.50   7.00  26.00   9.00   0.00  23.00  23.00   2.00  18.50   6.50   7.00
     15  19.00  23.00   7.50  20.00  15.00   7.00  24.50  28.00   3.00   4.50  26.50  20.00  14.50  14.00  23.00   0.00   5.00  24.50   6.50  19.50  16.00
     16  19.00  23.00   7.50  20.00  15.00   7.00  24.50  28.00   2.00   4.50  26.50  20.00  14.50  14.00  23.00   5.00   0.00  24.50   6.50  19.50  16.00
     17   8.50   2.00  17.00  20.50   9.50  17.50   4.50   7.00  22.50  21.00   5.50   8.50  27.50  10.50   2.00  24.50  24.50   0.00  20.00   8.00   8.50
     18  14.50  18.50   3.00  15.00  10.50   2.50  20.00  23.50   4.50   3.00  22.00  15.50   9.00   9.50  18.50   6.50   6.50  20.00   0.00  15.00  11.50
     19   2.50   6.50  12.00  16.50   7.50  12.50   8.00   9.00  17.50  16.00   8.50   0.50  23.50   7.50   6.50  19.50  19.50   8.00  15.00   0.00   6.50
     20   7.00   7.00   8.50  12.00   1.00   9.00   8.50  12.00  14.00  12.50  10.50   7.00  19.00   2.00   7.00  16.00  16.00   8.50  11.50   6.50   0.00
