num_nodes,                       21
num_clusters,                    25
num_drone,                        2
num_lockers,                      4
v_truck(km/h),                   24
v_drone(km/h),                   40
max_fly_distance(km),            24
max_working_time(hour),           3
capacity_drone(kg),            2.27
time_swap_battery(hour),       0.05
time_service(hour),            0.15
truck_cost_factor,             1.81
drone_cost_factor,              0.1
discount_cost_factor,             1
---------- nodes -------------
nodeID    capacity  chargeStation    euclid_dist
     0           0              0           0.00
     1           7              1           3.70
     2           7              1           4.83
     3           7              1           7.56
     4           7              1           6.11
     5           1              0           3.71
     6           1              0           5.37
     7           1              0           6.75
     8           1              0           3.07
     9           1              0          11.97
    10           1              0          10.57
    11           1              0           3.86
    12           1              0           5.64
    13           1              0           3.45
    14           1              0           4.37
    15           1              0          10.31
    16           1              0           6.59
    17           1              0           6.10
    18           1              0           6.51
    19           1              0           9.86
    20           1              0           8.14
    21           1              0           2.71
---------- clusters -------------
   #         w                   node(s)              discount(s)
   0       0.4                      5 2                      0 1
   1       0.3                    6 1 4                    0 2 1
   2       2.6                      7 4                      0 1
   3       1.0                    8 1 3                    0 2 3
   4       0.2                      9 1                      0 4
   5       0.7                     10 3                      0 1
   6       0.2                   11 2 4                    0 2 1
   7       0.2                     12 1                      0 1
   8       0.2                   13 1 2                    0 1 2
   9       0.3                     14 3                      0 1
  10       3.0                     15 4                      0 1
  11       0.5                   16 1 3                    0 1 3
  12       1.8                   17 1 2                    0 1 3
  13       0.2                   18 3 4                    0 1 1
  14       2.3                   19 1 3                    0 5 2
  15       0.4                     20 1                      0 1
  16       1.2                     21 1                      0 1
  17       0.2                    4 1 3                    0 2 1
  18       0.9                  3 1 2 4                  0 3 2 1
  19       1.7                      4 3                      0 1
  20       2.0                  3 1 2 4                  0 3 2 1
  21       2.1                    2 3 4                    0 2 2
  22       0.7                      2 4                      0 2
  23       0.2                    4 1 3                    0 2 1
  24       0.4                      4 1                      0 2
---------- truck distance matrix -------------
             0      1      2      3      4      5      6      7      8      9     10     11     12     13     14     15     16     17     18     19     20     21
      0   0.00   6.00   7.00  11.50   9.50   6.00   9.50  10.00   4.50  18.50  17.00   5.50   9.50   5.50   8.50  14.50  10.50  11.00   9.50  20.00  12.00   4.00
      1   6.00   0.00  12.00  14.50  10.00  11.00  11.00   9.50  10.00  21.50  20.00   6.00   3.50   5.00  12.00  12.50   4.50   5.00   7.50  23.00   6.00   5.00
      2   7.00  12.00   0.00  10.50  10.50   5.00   8.50  11.50  11.50  17.50  16.00  10.00  15.50  10.00   7.50  16.50  16.00  15.50  13.50  19.00  16.50   8.50
      3  11.50  14.50  10.50   0.00   6.00   5.50   5.50   6.00  16.00   7.00   5.50   9.50  18.00  10.50   6.00  10.00  17.00  16.50   7.00   8.50  17.50  11.50
      4   9.50  10.00  10.50   6.00   0.00   5.50   2.00   1.00  14.00  13.00  11.50   4.00  13.50   5.00   4.00   6.00  12.50  12.00   3.00  14.50  13.00   6.00
      5   6.00  11.00   5.00   5.50   5.50   0.00   3.50   6.50  10.50  12.50  11.00   8.00  14.50   9.00   2.50  11.50  15.00  14.50   8.50  14.00  15.50   7.50
      6   9.50  11.00   8.50   5.50   2.00   3.50   0.00   3.00  14.00  12.50  11.00   5.00  14.50   6.00   2.00   8.00  13.50  13.00   5.00  14.00  14.00   7.00
      7  10.00   9.50  11.50   6.00   1.00   6.50   3.00   0.00  14.50  13.00  11.50   4.50  13.00   5.50   5.00   5.00  12.00  11.50   2.00  14.50  12.50   6.50
      8   4.50  10.00  11.50  16.00  14.00  10.50  14.00  14.50   0.00  23.00  21.50  10.00  13.50  10.00  13.00  19.00  14.50  15.00  14.00  24.50  16.00   8.50
      9  18.50  21.50  17.50   7.00  13.00  12.50  12.50  13.00  23.00   0.00   1.50  16.50  25.00  17.50  13.00  17.00  24.00  23.50  14.00  15.50  24.50  18.50
     10  17.00  20.00  16.00   5.50  11.50  11.00  11.00  11.50  21.50   1.50   0.00  15.00  23.50  16.00  11.50  15.50  22.50  22.00  12.50  14.00  23.00  17.00
     11   5.50   6.00  10.00   9.50   4.00   8.00   5.00   4.50  10.00  16.50  15.00   0.00   9.50   1.00   6.00   9.50   8.50   8.00   4.50  18.00   9.00   2.00
     12   9.50   3.50  15.50  18.00  13.50  14.50  14.50  13.00  13.50  25.00  23.50   9.50   0.00   8.50  15.50  16.00   4.00   3.50  11.00  26.50   6.50   8.50
     13   5.50   5.00  10.00  10.50   5.00   9.00   6.00   5.50  10.00  17.50  16.00   1.00   8.50   0.00   7.00   9.00   7.50   7.00   4.00  19.00   8.00   2.00
     14   8.50  12.00   7.50   6.00   4.00   2.50   2.00   5.00  13.00  13.00  11.50   6.00  15.50   7.00   0.00  10.00  14.50  14.00   7.00  14.50  15.00   8.00
     15  14.50  12.50  16.50  10.00   6.00  11.50   8.00   5.00  19.00  17.00  15.50   9.50  16.00   9.00  10.00   0.00  15.00  14.50   5.00  18.50  15.50  10.50
     16  10.50   4.50  16.00  17.00  12.50  15.00  13.50  12.00  14.50  24.00  22.50   8.50   4.00   7.50  14.50  15.00   0.00   2.50  10.00  25.50   2.50   7.50
     17  11.00   5.00  15.50  16.50  12.00  14.50  13.00  11.50  15.00  23.50  22.00   8.00   3.50   7.00  14.00  14.50   2.50   0.00   9.50  25.00   3.00   7.00
     18   9.50   7.50  13.50   7.00   3.00   8.50   5.00   2.00  14.00  14.00  12.50   4.50  11.00   4.00   7.00   5.00  10.00   9.50   0.00  15.50  10.50   5.50
     19  20.00  23.00  19.00   8.50  14.50  14.00  14.00  14.50  24.50  15.50  14.00  18.00  26.50  19.00  14.50  18.50  25.50  25.00  15.50   0.00  26.00  20.00
     20  12.00   6.00  16.50  17.50  13.00  15.50  14.00  12.50  16.00  24.50  23.00   9.00   6.50   8.00  15.00  15.50   2.50   3.00  10.50  26.00   0.00   8.00
     21   4.00   5.00   8.50  11.50   6.00   7.50   7.00   6.50   8.50  18.50  17.00   2.00   8.50   2.00   8.00  10.50   7.50   7.00   5.50  20.00   8.00   0.00
