num_nodes,                       21
num_clusters,                    26
num_drone,                        2
num_lockers,                      3
v_truck(km/h),                   24
v_drone(km/h),                   40
max_fly_distance(km),            24
max_working_time(hour),           4
capacity_drone(kg),            2.27
time_swap_battery(hour),       0.05
time_service(hour),            0.15
truck_cost_factor,             1.81
drone_cost_factor,              0.1
discount_cost_factor,             1
---------- nodes -------------
nodeID    capacity  chargeStation    euclid_dist
     0           0              0           0.00
     1          11              1          13.46
     2          11              1           9.21
     3          11              1           6.04
     4           1              0          13.33
     5           1              0           7.28
     6           1              0           3.85
     7           1              0           8.45
     8           1              0          10.85
     9           1              0           2.89
    10           1              0          10.13
    11           1              0          18.46
    12           1              0           2.50
    13           1              0           5.41
    14           1              0          15.76
    15           1              0          15.76
    16           1              0           8.51
    17           1              0           4.98
    18           1              0           7.12
    19           1              0          10.51
    20           1              0           4.61
    21           1              0          10.55
---------- clusters -------------
   #         w                   node(s)              discount(s)
   0       3.4                      4 2                      0 2
   1       1.1                      5 3                      0 2
   2       0.6                      6 3                      0 2
   3       2.1                      7 2                      0 2
   4       1.8                      8 1                      0 2
   5       0.3                    9 1 3                    0 2 2
   6       0.2                   10 1 2                    0 2 2
   7       1.1                     11 1                      0 2
   8       0.2                     12 3                      0 2
   9       0.4                     13 3                      0 2
  10       1.0                     14 2                      0 2
  11       0.2                     15 3                      0 2
  12       0.4                     16 3                      0 2
  13       0.2                     17 1                      0 2
  14       0.6                     18 3                      0 2
  15       0.6                     19 3                      0 2
  16       0.5                     20 3                      0 2
  17       0.9                     21 2                      0 2
  18       2.0                    3 1 2                    0 2 2
  19       2.3                      3 2                      0 2
  20       0.2                    1 2 3                    0 2 2
  21       2.0                      3 2                      0 2
  22       2.6                      1 2                      0 2
  23       0.7                    2 1 3                    0 2 2
  24       0.2                    1 2 3                    0 2 2
  25       0.2                      1 2                      0 2
---------- truck distance matrix -------------
             0      1      2      3      4      5      6      7      8      9     10     11     12     13     14     15     16     17     18     19     20     21
      0   0.00  17.00  11.00  15.00  17.50  23.00  14.50  10.00  13.00  20.50  12.00  22.50  16.00  18.50  19.50  19.50  13.50  19.50  16.50  16.00  11.50  13.00
      1  17.00   0.00   9.00  16.50   2.50  23.50  17.50   8.00   4.00  22.00   5.00   5.50  19.00  20.00   2.50   2.50  11.50  21.00  17.00  14.00  14.50  11.00
      2  11.00   9.00   0.00   8.50   9.50  14.50  10.00   1.00   5.00  14.00   4.00  14.50  11.50  12.00  11.50  11.50   2.50  13.00   8.00   5.00   7.00   2.00
      3  15.00  16.50   8.50   0.00  17.00   8.00   4.00   8.50  12.50   5.50  11.50  22.00   5.50   3.50  19.00  19.00   6.00   4.50   1.50   6.50   4.00  10.50
      4  17.50   2.50   9.50  17.00   0.00  24.00  18.00   8.50   4.50  22.50   5.50   7.00  19.50  20.50   4.00   4.00  12.00  21.50  17.50  14.50  15.00  11.50
      5  23.00  23.50  14.50   8.00  24.00   0.00  12.00  15.50  19.50  13.50  18.50  29.00  13.50  11.50  26.00  26.00  12.00  12.50   6.50  12.50  12.00  16.50
      6  14.50  17.50  10.00   4.00  18.00  12.00   0.00   9.50  13.50   6.50  12.50  23.00   3.00   5.50  20.00  20.00  10.00   6.50   5.50  10.50   3.00  12.00
      7  10.00   8.00   1.00   8.50   8.50  15.50   9.50   0.00   4.00  14.00   3.00  13.50  11.00  12.00  10.50  10.50   3.50  13.00   9.00   6.00   6.50   3.00
      8  13.00   4.00   5.00  12.50   4.50  19.50  13.50   4.00   0.00  18.00   1.00   9.50  15.00  16.00   6.50   6.50   7.50  17.00  13.00  10.00  10.50   7.00
      9  20.50  22.00  14.00   5.50  22.50  13.50   6.50  14.00  18.00   0.00  17.00  27.50   6.50   3.00  24.50  24.50  11.50   3.00   7.00  12.00   9.00  16.00
     10  12.00   5.00   4.00  11.50   5.50  18.50  12.50   3.00   1.00  17.00   0.00  10.50  14.00  15.00   7.50   7.50   6.50  16.00  12.00   9.00   9.50   6.00
     11  22.50   5.50  14.50  22.00   7.00  29.00  23.00  13.50   9.50  27.50  10.50   0.00  24.50  25.50   3.00   3.00  17.00  26.50  22.50  19.50  20.00  16.50
     12  16.00  19.00  11.50   5.50  19.50  13.50   3.00  11.00  15.00   6.50  14.00  24.50   0.00   5.50  21.50  21.50  11.50   6.50   7.00  12.00   4.50  13.50
     13  18.50  20.00  12.00   3.50  20.50  11.50   5.50  12.00  16.00   3.00  15.00  25.50   5.50   0.00  22.50  22.50   9.50   2.00   5.00  10.00   7.50  14.00
     14  19.50   2.50  11.50  19.00   4.00  26.00  20.00  10.50   6.50  24.50   7.50   3.00  21.50  22.50   0.00   0.00  14.00  23.50  19.50  16.50  17.00  13.50
     15  19.50   2.50  11.50  19.00   4.00  26.00  20.00  10.50   6.50  24.50   7.50   3.00  21.50  22.50   0.00   0.00  14.00  23.50  19.50  16.50  17.00  13.50
     16  13.50  11.50   2.50   6.00  12.00  12.00  10.00   3.50   7.50  11.50   6.50  17.00  11.50   9.50  14.00  14.00   0.00  10.50   5.50   4.50   7.00   4.50
     17  19.50  21.00  13.00   4.50  21.50  12.50   6.50  13.00  17.00   3.00  16.00  26.50   6.50   2.00  23.50  23.50  10.50   0.00   6.00  11.00   8.50  15.00
     18  16.50  17.00   8.00   1.50  17.50   6.50   5.50   9.00  13.00   7.00  12.00  22.50   7.00   5.00  19.50  19.50   5.50   6.00   0.00   6.00   5.50  10.00
     19  16.00  14.00   5.00   6.50  14.50  12.50  10.50   6.00  10.00  12.00   9.00  19.50  12.00  10.00  16.50  16.50   4.50  11.00   6.00   0.00   9.50   6.00
     20  11.50  14.50   7.00   4.00  15.00  12.00   3.00   6.50  10.50   9.00   9.50  20.00   4.50   7.50  17.00  17.00   7.00   8.50   5.50   9.50   0.00   9.00
     21  13.00  11.00   2.00  10.50  11.50  16.50  12.00   3.00   7.00  16.00   6.00  16.50  13.50  14.00  13.50  13.50   4.50  15.00  10.00   6.00   9.00   0.00
