num_nodes,                       10
num_clusters,                    12
num_drone,                        1
num_lockers,                      2
v_truck(km/h),                   24
v_drone(km/h),                   40
max_fly_distance(km),            24
max_working_time(hour),           2
capacity_drone(kg),            2.27
time_swap_battery(hour),       0.05
time_service(hour),            0.15
truck_cost_factor,             1.81
drone_cost_factor,              0.1
discount_cost_factor,             1
---------- nodes -------------
nodeID    capacity  chargeStation    euclid_dist
     0           0              0           0.00
     1           6              1           4.16
     2           9              1           8.97
     3           1              0          10.48
     4           1              0           7.37
     5           1              0           8.26
     6           1              0          11.46
     7           1              0          12.71
     8           1              0           7.70
     9           1              0          11.61
    10           1              0           5.47
---------- clusters -------------
   #         w                   node(s)              discount(s)
   0       0.2                      3 1                      0 5
   1       2.5                        4                        0
   2       0.4                        5                        0
   3       1.3                      6 2                      0 4
   4       3.7                      7 1                      0 5
   5       0.4                      8 2                      0 5
   6       0.5                      9 2                      0 5
   7       1.8                     10 1                      0 5
   8       0.8                        1                        0
   9       0.3                      1 2                      0 5
  10       3.3                        1                        0
  11       0.4                        1                        0
---------- truck distance matrix -------------
             0      1      2      3      4      5      6      7      8      9     10
      0   0.00   4.16  16.76  19.69  10.46  11.51  20.51  16.57  13.87  22.06   9.56
      1   4.16   0.00  12.60  15.53   6.30   7.35  16.35  12.41   9.71  17.90   5.40
      2  16.76  12.60   0.00  17.16  18.90  19.95   3.75  14.05   4.65   5.30   7.20
      3  19.69  15.53  17.16   0.00  21.83  22.88  20.91   3.12  12.52  22.46  12.62
      4  10.46   6.30  18.90  21.83   0.00   1.05  22.65  18.71  16.01  24.20  11.70
      5  11.51   7.35  19.95  22.88   1.05   0.00  23.70  19.76  17.06  25.25  12.75
      6  20.51  16.35   3.75  20.91  22.65  23.70   0.00  17.80   8.40   5.05  10.95
      7  16.57  12.41  14.05   3.12  18.71  19.76  17.80   0.00   9.40  19.35   9.50
      8  13.87   9.71   4.65  12.52  16.01  17.06   8.40   9.40   0.00   9.95   4.86
      9  22.06  17.90   5.30  22.46  24.20  25.25   5.05  19.35   9.95   0.00  12.50
     10   9.56   5.40   7.20  12.62  11.70  12.75  10.95   9.50   4.86  12.50   0.00
